Metabolite Name	METABOLITE_ID (will be added)	Units	S00017187	S00017188	S00017189	S00017190	S00017191	S00017192	S00017193	S00017194	S00017195	S00017196	S00017197	S00017198	S00017199	S00017200	S00017201	S00017202	S00017203	S00017204	S00017205	S00017206	S00017207	S00017208	S00017209	S00017210																																																				
2PG/3PG 		pmol/”g protein	3,209	1,375	3,211	7,189	6,771	4,915	1,785	2,357	1,879	3,460	4,649	4,147	3,030	5,472	3,914	3,879	4,425	3,135	3,631	3,510	1,669	2,749	3,563	3,293																																																				
6PG 		pmol/”g protein	5,402	2,646	5,161	6,357	4,497	5,937	2,778	5,503	3,808	2,181	2,804	2,260	11,202	6,911	7,910	4,225	7,008	10,496	8,329	9,861	8,330	5,161	7,851	6,721																																																				
aCoA 		pmol/”g protein	1,638	0,699	1,571	3,517	3,499	3,134	4,466	4,374	5,051	3,461	4,436	3,934	2,088	2,483	2,191	1,294	2,551	1,982	2,287	2,076	1,861	0,535	0,830	1,340																																																				
ADP 		pmol/”g protein	68,892	27,278	64,729	56,432	62,078	81,942	144,768	140,574	139,123	70,922	74,678	73,023	156,948	94,373	76,474	95,328	118,915	121,577	146,706	121,435	157,026	68,224	72,721	61,043																																																				
AMP 		pmol/”g protein	170,956	65,989	210,691	68,862	74,472	147,261	2087,064	1988,035	2699,384	1895,375	2385,766	1928,764	1013,932	195,319	128,763	408,265	409,377	526,385	1001,817	504,247	1200,362	476,951	389,814	156,922																																																				
ATP 		pmol/”g protein	722,448	277,518	588,216	1086,323	870,670	283,587	123,245	143,447	115,851	65,143	76,327	71,299	520,277	891,072	833,585	491,846	623,756	460,952	471,138	473,331	411,734	151,554	244,880	327,836																																																				
CIT/ICIT 		pmol/”g protein	19,768	7,602	19,327	18,884	15,977	16,574	22,848	23,157	28,114	12,524	13,849	11,874	19,816	25,657	21,217	15,019	19,438	14,987	32,969	30,693	36,096	17,803	22,067	22,806																																																				
E4P 		pmol/”g protein	28,434	9,675	25,708	29,218	14,761	29,386	16,693	20,139	19,406	23,871	14,554	23,322	33,740	26,198	26,247	32,434	35,697	29,692	35,655	40,933	32,090	29,011	13,636	34,585																																																				
FAD 		pmol/”g protein	0,647	0,227	0,497	0,925	0,801	0,649	0,830	0,819	0,940	0,855	0,807	0,869	0,651	0,733	0,709	0,732	0,821	0,694	0,818	0,744	0,850	0,496	0,495	0,547																																																				
FBP 		pmol/”g protein	46,849	20,362	57,051	147,840	131,169	94,727	16,732	25,495	21,529	22,046	39,998	43,845	45,209	85,556	82,351	43,848	57,637	56,593	26,992	22,579	18,475	16,480	24,582	27,765																																																				
G6P/F6P 		pmol/”g protein	31,739	11,399	30,468	23,780	19,690	24,874	27,522	28,889	24,730	19,665	22,809	19,890	35,049	27,178	22,470	32,844	42,367	31,544	65,590	53,985	59,698	49,460	37,859	34,053																																																				
MAL 		pmol/”g protein	58,562	20,560	51,083	84,421	66,044	76,264	72,111	83,430	93,215	56,577	64,812	58,153	58,425	71,958	56,276	68,113	73,389	56,857	67,466	57,868	65,153	46,429	59,317	57,242																																																				
NAD 		pmol/”g protein	18,467	6,263	16,629	30,123	23,565	25,303	19,402	21,900	24,645	14,886	16,495	14,900	19,809	27,200	21,042	22,953	26,470	21,905	21,972	20,167	22,677	12,142	14,490	15,187																																																				
NADH 		pmol/”g protein	79,457	28,748	66,743	104,224	61,919	78,330	77,518	79,417	75,693	101,409	128,278	116,168	43,754	34,351	34,120	93,726	80,113	68,558	40,702	31,822	30,139	10,874	12,134	13,775																																																				
NADP 		pmol/”g protein	1,362	0,668	1,309	3,079	4,019	2,744	1,479	1,516	1,519	1,354	1,497	1,336	3,520	5,532	5,397	1,553	2,058	3,243	2,540	2,506	1,445	1,561	1,888	2,006																																																				
NADPH 		pmol/”g protein	18,881	6,641	17,054	27,266	15,374	13,527	5,095	6,332	5,751	1,254	0,000	0,000	10,606	8,077	6,239	19,648	22,188	10,358	2,709	2,603	9,103	0,000	0,000	0,692																																																				
PEP 		pmol/”g protein	3,442	1,702	4,465	7,597	10,215	4,363	2,539	2,635	0,000	0,000	7,883	11,239	7,995	4,730	4,371	5,697	6,550	4,801	0,000	0,000	0,000	0,000	0,000	0,000																																																				
R5P/X5P 		pmol/”g protein	11,562	4,976	12,331	10,595	8,812	13,620	22,614	21,602	22,417	30,776	33,051	33,829	13,083	9,964	7,144	12,713	15,703	13,547	15,596	18,241	13,253	18,688	10,926	12,580																																																				
S7P 		pmol/”g protein	5,966	2,171	5,415	10,084	7,223	7,435	13,393	12,623	12,253	12,956	14,048	14,541	9,124	7,330	6,298	8,781	10,951	7,723	10,713	8,979	11,484	9,343	5,681	5,769																																																				
SUC 		pmol/”g protein	2,183	0,703	2,431	4,835	3,725	0,000	0,000	1,673	0,000	0,000	2,232	2,576	4,227	4,168	1,722	2,595	3,446	1,925	2,664	2,131	3,173	2,118	2,021	0,640																																																				
																																																																														
																																																																														
																																																																														
																																																																														
																																																																														
																																																																														
																																																																														
																																																																														
																																																																														
																																																																														
																																																																														
																																																																														
																																																																														
																																																																														
																																																																														
																																																																														
																																																																														
																																																																														
																																																																														
																																																																														
																																																																														
																																																																														
																																																																														
																																																																														
																																																																														
																																																																														
																																																																														
																																																																														
																																																																														
																																																																														
																																																																														
																																																																														
																																																																														
																																																																														
																																																																														
																																																																														
																																																																														
																																																																														
																																																																														
																																																																														
																																																																														
																																																																														
																																																																														
																																																																														
																																																																														
																																																																														
																																																																														
																																																																														
																																																																														
																																																																														
																																																																														
																																																																														
																																																																														
																																																																														
																																																																														
																																																																														
																																																																														
																																																																														
																																																																														
																																																																														
																																																																														
																																																																														
																																																																														
																																																																														
																																																																														
																																																																														
																																																																														
																																																																														
																																																																														
																																																																														
																																																																														
																																																																														
																																																																														
																																																																														
																																																																														
																																																																														
																																																																														
																																																																														
																																																																														
																																																																														
																																																																														
																																																																														
																																																																														
																																																																														
																																																																														
																																																																														
																																																																														
																																																																														
																																																																														
																																																																														
